z =

     7.1000   -43.2000
    12.1000  -170.7000
    22.1000  -675.7000
     2.0111     1.1956
     2.0079     1.2719
     2.0056     1.3810
     2.0000     1.0049
     2.0000     1.0047
     2.0000     1.0050

