Enter the order of the Matrix : 5

A =

                    -412                     655                     610                    -247                     466
                    -923                    -408                     121                    -720                    -178
                    -238                     365                     425                     746                     721
                    -414                    -584                    -494                     486                    -956
                     -18                    -537                    -315                    -754                     -76

b =

                     222
                      64
                     118
                    -643
                    -266

X =

       1.472089767857866
      -1.977611911523218
       4.185229917285699
     0.06688199643052102
     -0.8854798498300196

Y =

       1.472089767857865
      -1.977611911523218
       4.185229917285699
     0.06688199643052103
     -0.8854798498300196

Z =

       1.472089767857866
      -1.977611911523218
       4.185229917285699
     0.06688199643052103
     -0.8854798498300196
